0.0
0.0809729019316
0.158798852754
0.233583033824
0.305427939968
0.374433428667
0.440696768675
0.504312688051
0.565373421641
0.623968757973
0.68018608561
0.734110438932
0.785824543365
0.83540886006
0.882941630021
0.928498917687
0.972154653972
1.01398067877
1.05404678291
1.0924207496
1.12916839533
1.16435361023
1.19803839796
1.23028291499
1.2611455095
1.29068275958
1.31894951113
1.34599891508
1.37188246419
1.39665002937
1.42034989541
1.44302879634
1.4647319502
1.48550309334
1.50538451432
1.5244170872
1.54264030445
1.56009230937
1.57680992797
1.59282870052
1.60818291245
1.62290562501
1.63702870526
1.65058285574
1.66359764367
1.67610152963
1.68812189592
1.69968507434
1.71081637365
1.72154010653
1.73187961611
1.74185730211
1.75149464653
1.76081223892
1.76982980121
1.7785662122
1.78703953154
1.79526702337
1.80326517954
1.8110497424
1.81863572727
1.82603744437
1.83326852054
1.84034192043
1.84726996735
1.85406436378
1.8607362114
1.86729603091
1.87375378126
1.88011887871
1.88640021541
1.89260617766
1.89874466379
1.9048231017
1.91084846605
1.91682729508
1.92276570711
1.92866941668
1.93454375035
1.94039366217
1.94622374885
1.9520382645
1.95784113518
1.96363597302
1.96942609005
1.97521451176
1.98100399028
1.98679701729
1.99259583659
1.99840245644
2.0042186615
2.01004602452
2.0158859178
2.02173952423
2.02760784814
2.03349172584
2.03939183589
2.04530870904
2.05124273798
2.05719418676
2.06316319995
2.06914981155
2.07515395365
2.0811754648
2.08721409815
2.09326952931
2.09934136404
2.10542914558
2.11153236182
2.11765045222
2.1237828145
2.12992881104
2.13608777513
2.14225901696
2.1484418294
2.15463549352
2.16083928398
2.16705247409
2.1732743408
2.17950416936
2.18574125786
2.19198492154
2.1982344969
2.20448934562
2.21074885833
2.21701245811
2.22327960394
2.22954979379
2.23582256771
2.24209751068
2.24837425521
2.25465248393
2.2609319319
2.26721238878
2.27349370091
2.27977577316
2.28605857064
2.29234212033
2.29862651249
2.30491190195
2.31119850934
2.31748662203
2.3237765951
2.3300688521
2.3363638857
2.34266225822
2.34896460203
2.35527161992
2.3615840852
2.36790284187
2.37422880455
2.38056295839
2.38690635884
2.39326013137
2.39962547102
2.40600364199
2.41239597701
2.41880387671
2.42522880891
2.43167230778
2.43813597304
2.44462146894
2.45113052332
2.4576649265
2.46422653021
2.47081724637
2.47743904588
2.48409395736
2.49078406581
2.49751151127
2.50427848742
2.51108724013
2.517940066
2.5248393109
2.53178736843
2.53878667836
2.54583972512
2.55294903622
2.56011718062
2.5673467672
2.57464044313
2.58200089229
2.58943083365
2.5969330197
2.60451023485
2.61216529388
2.61990104036
2.62772034511
2.6356261047
2.64362123994
2.65170869441
2.65989143303
2.66817244066
2.67655472073
2.68504129392
2.69363519688
2.70233948098
2.71115721116
2.72009146478
2.72914533056
2.73832190753
2.74762430415
2.75705563738
2.76661903189
2.77631761931
2.78615453757
2.79613293034
2.80625594653
2.81652673984
2.8269484685
2.837524295
2.84825738597
2.85915091217
2.87020804853
2.88143197433
2.89282587353
2.90439293513
2.91613635367
2.92805932994
2.94016507167
2.95245679443
2.96493772267
2.97761109082
2.99048014464
3.00354814256
3.0168183573
3.03029407758
3.04397860993
3.05787528075
3.07198743845
3.08631845578
3.10087173232
3.11565069712
3.13065881152
3.14589957217
3.16137651414
3.17709321433
3.19305329495
3.20926042725
3.22571833541
3.24243080064
3.25940166547
3.2766348382
3.29413429765
3.31190409797
3.32994837379
3.34827134553
3.36687732489
3.38577072061
3.40495604444
3.4244379173
3.4442210757
3.46431037842
3.48471081334
3.50542750456
3.52646571979
3.54783087792
3.56952855688
3.59156450171
3.61394463296
3.63667505526
3.65976206618
3.68321216539
3.70703206406
3.7312286945
3.75580922012
3.78078104563
3.80615182758
3.83192948508
3.85812221094
3.88473848296
3.9117870756
3.93927707197
3.96721787602
3.9956192251
4.02449120286
4.05384425233
4.0836891895
4.11403721702
4.14489993838
4.17628937229
4.2082179675
4.24069861784
4.27374467764
4.30736997756
4.34158884057
4.3764160985
4.41186710876
4.44795777148
4.48470454701
4.52212447376
4.56023518638
4.59905493433
4.63860260083
4.67889772211
4.71996050709
4.76181185744
4.80447338799
4.8479674475
4.8923171399
4.93754634581
4.98367974452
5.03074283638
5.07876196552
5.127764343
5.1777780704
5.2288321638
5.2809565781
5.3341822319
5.38854103262
5.44406590221
5.50079080318
5.55875076505
5.61798191133
5.67852148681
5.74040788538
5.80368067825
5.86838064262
5.93454979078
6.00223139971
6.03549035305
6.0687493064
6.10200825974
6.13526721308
6.16852616643
6.20178511977
6.23504407311
6.26830302645
6.3015619798
6.33482093314
6.36807988648
6.40133883983
6.43459779317
6.46785674651
6.50111569986
6.5343746532
6.56763360654
6.60089255988
6.63415151323
6.66741046657
6.70066941991
6.73392837326
6.7671873266
6.80044627994
6.83370523329
6.86696418663
6.90022313997
6.93348209331
6.96674104666
7.0
